|  Batch size | Accuracy |

Rings 25 25 25 25, 100 epoches:
|     200     |   59.73  |
|     200     |   60.07  |
|     200     |   60.98  |
|     200     |   60.05  |
|     200     |   60.23  |

|     400     |   59.70  |
|     400     |   62.55  |
|     400     |   59.75  |
|     400     |   59.20  |
|     400     |   60.50  |
|     400     |   62.00  |
|     400     |   60.93  |
|     400     |   61.16  |
|     400     |   61.18  |
|     400     |   61.93  |

|     800     |   61.11  |
|     800     |   61.05  |
|     800     |   59.91  |
|     800     |   61.91  |
|     800     |   62.02  |

|    1600     |   60.70  |
|    1600     |   61.75  |
|    1600     |   61.14  |
|    1600     |   61.64  |
|    1600     |   60.36  |

|    2500     |   61.32  |
|    2500     |   60.05  |
|    2500     |   60.09  |
|    2500     |   61.00  |
|    2500     |   60.05  |

|   17600     |   45.32  |
|   17600     |   45.91  |
|   17600     |   58.68  |
|   17600     |   56.20  |
|   17600     |   58.57  |

500 epoches:
|   17600     |   60.52  |
|   17600     |   60.16  |
|   17600     |   61.95  |
|   17600     |   61.16  |
|   17600     |   61.07  |

200 epoches:
|     800     |   61.05  |
|     800     |   62.02  |
|     800     |   60.82  |
|     800     |   59.98  |
|     800     |   60.61  |

Rings 15 22 30 33, 100 epoches:
|     200     |   61.36  |
|     200     |   59.39  |
|     200     |   60.57  |
|     200     |   59.84  |
|     200     |   60.30  |

|     400     |   60.00  |
|     400     |   61.50  |
|     400     |   62.52  |
|     400     |   61.02  |
|     400     |   61.43  |

|     800     |   61.70  |
|     800     |   62.41  |
|     800     |   60.82  |
|     800     |   60.27  |
|     800     |   60.86  |

200 epoches:
|     800     |   61.27  |
|     800     |   60.64  |
|     800     |   62.18  |


Rings 20 22 25 33, 200 epoches:
|     800     |   59.89  |

100 epoches:
|     800     |   61.91  |
|     800     |   62.11  |
|     800     |   60.64  |
|     800     |   60.43  |
|     800     |   61.25  |
|     800     |   60.16  |
|   10000     |   59.30  |
|   10000     |   58.45  |

50 epoches:
|      32     |   60.75  |
|      32     |   62.39  |
|      32     |   60.05  |
|      64     |   61.75  |
|     800     |   61.75  |
|     800     |   60.93  |
|     800     |   61.11  |
|     800     |   61.18  |

|  Batch size |   Epoches   | Accuracy |

Time accuracy 200 ps:
|     800     |     100     |   60.64  |
|     800     |     100     |   61.45  |
|     800     |     100     |   61.48  |
|     800     |     100     |   61.14  |
|     800     |     100     |   60.75  |

|     800     |     100     |   65.32  |   # Здесь я попробовал запустить один из предыдущих файлов с массой частиц

Time accuracy 100 ps:
|     800     |     100     |   61.25  |
|     800     |     100     |   61.27  |
|     800     |     100     |   60.61  |
|     800     |     100     |   61.43  |
|     800     |     100     |   61.16  |
|     800     |     100     |   61.45  |

Time accuracy 50 ps:
|     800     |     100     |   61.75  |
|     800     |     100     |   60.91  |
|     800     |     100     |   63.73  |
|     800     |     100     |   60.66  |
|     800     |     100     |   62.23  |
|     800     |     100     |   60.36  |

Time accuracy 10 ps:
|     800     |     100     |   61.27  |
|     800     |     100     |   61.14  |
|     800     |     100     |   60.98  |
|     800     |     100     |   60.77  |
|     800     |     100     |   61.16  |
|     800     |     100     |   60.91  |
|     800     |     100     |   61.02  |
|     800     |     100     |   60.27  |
|     800     |     100     |   61.93  |
|     800     |     100     |   61.20  |
|      64     |     100     |   60.82  |
|    1600     |     100     |   60.89  |
|    1600     |      70     |   61.77  |
|    1600     |      70     |   61.02  |
|    1600     |      70     |   59.34  |
|     800     |     100     |   62.39  |
|     800     |     100     |   62.02  |
|     800     |     100     |   61.57  |
|     800     |     100     |   59.86  |
|     800     |     100     |   61.07  |
|     800     |     100     |   60.57  |

Равномерное распределение попаданий во втором детекторе.
|     800     |     100     |   60.36  |
|     800     |     100     |   60.45  |
|     800     |     100     |   60.23  |
|     800     |     100     |   61.61  |
|     800     |     100     |   60.45  |
|     800     |     100     |   60.55  |
|     800     |     100     |   60.20  |
|     800     |     100     |   60.25  |
|     800     |     100     |   61.86  |











|     800     |     100     |   69.32  |
|     800     |     100     |   61.84  |
|     800     |     100     |   59.77  |

10 groups
|     800     |     100     |   36.82  |
|     800     |     100     |   72.16  |

Time accuracy 0,1 ps:
|     800     |     100     |   59.95  |
|     800     |     100     |   61.61  |
|     800     |     100     |   61.68  |
|     800     |     100     |   61.18  |
|     800     |     100     |   60.95  |
|     800     |     100     |   60.89  |

Time accuracy 1 ps:
|     800     |     100     |   61.32  |
|     800     |     100     |   60.02  |
|     800     |     100     |   61.05  |
|     800     |     100     |   61.48  |
|     800     |     100     |   61.55  |

Time accuracy 500 ps:
|     800     |     100     |   61.14  |
|     800     |     100     |   62.93  |
|     800     |     100     |   61.61  |
|     800     |     100     |   60.20  |
|     800     |     100     |   60.80  |
|     800     |     100     |   62.07  |
|     800     |     100     |   61.39  |

Time accuracy 1000 ps:
|     800     |     100     |   60.45  |
|     800     |     100     |   61.41  |
|     800     |     100     |   61.32  |
|     800     |     100     |   60.23  |
|     800     |     100     |   60.23  |
|     800     |     100     |   60.52  |
|     800     |     100     |   60.93  |

Time accuracy 2000 ps:
|     800     |     100     |   61.09  |
|     800     |     100     |   61.41  |
|     800     |     100     |   59.95  |
|     800     |     100     |   61.64  |
|     800     |     100     |   61.30  |
|     800     |     100     |   61.84  |
|     800     |     100     |   61.89  |
|     800     |     100     |   61.14  |
|     800     |     100     |   59.25  |
|     800     |     100     |   60.36  |

32 radii:
|     800     |     100     |   58.18  |
|     800     |     100     |   59.36  |
|     800     |     100     |   60.48  |
|     800     |     100     |   58.45  |

2 radii:
|     800     |     100     |   58.89  |
|     800     |     100     |   61.05  |
|     800     |     100     |   59.48  |

64 radii:
|     800     |     100     |   58.73  |
|     800     |     100     |   60.57  |


|     800     |     100     |   60.66  |
|     800     |     100     |   60.34  |

Nonlinear Time Scaling:
|     800     |     100     |   57.61  |
|     800     |     100     |   61.34  |
|     800     |     100     |   60.73  |
|     800     |     100     |   58.11  |

same divided by 10:
|     800     |     100     |   59.59  |
|     800     |     100     |   58.36  |
|     800     |     100     |   59.25  |
|     800     |     150     |   56.95  |
|     800     |     150     |   58.32  |

same multiplied by 10:
|     800     |     100     |   59.64  |
|     800     |     100     |   59.20  |

Nonlinear Time Scaling:
|     800     |     100     |   58.89  |

Normal:
|     800     |     100     |   61.07  |
|     800     |     100     |   61.73  |
|     800     |     100     |   59.86  |


Другой метод записи результата, 3x81, с линейным временем:
|     800     |     100     |   60.36  |
|     800     |     100     |   61.16  |
|     800     |     100     |   61.52  |
|     800     |     100     |   60.48  |
|     800     |     100     |   60.82  |

Далее - время нелинейное
Ядро свертки (2, 5):
|     800     |     100     |   71.09  |
|     800     |     100     |   70.70  |
|     800     |     100     |   71.95  |

Ядро сверкти (3, 5):
|     800     |     100     |   70.75  |
|     800     |     100     |   71.64  |
|     800     |     100     |   72.25  |
|     800     |     100     |   71.32  |
|     800     |     100     |   71.93  |
|     800     |     100     |   71.57  |

Stride = (1, 2), kernel = (3, 6):
|     800     |     100     |   71.34  |
|     800     |     100     |   71.14  |
|     800     |     100     |   72.09  |
|     800     |     100     |   70.86  |
|     800     |     100     |   72.09  |
|     800     |     100     |   70.93  |

No x10
|     800     |     100     |   71.80  |
|     800     |     100     |   71.30  |
|     800     |     100     |   71.34  |
|     800     |     100     |   72.05  |
|     800     |     100     |   71.43  |
|     800     |     100     |   71.89  |
|     800     |     100     |   71.20  |
|     800     |     100     |   71.45  |
|     800     |     100     |   72.86  |
|     800     |     100     |   71.57  |
|     800     |     100     |   71.16  |
|     800     |     100     |   71.36  |
|     800     |     100     |   69.95  |
|     800     |     100     |   72.05  |
|     800     |     200     |   71.86  |
|     800     |     100     |   71.25  |
|     800     |     100     |   71.39  |
|     800     |     100     |   71.20  |
|     800     |     100     |   71.18  |
|     800     |     100     |   72.14  |

+mass 
Stride = (1, 2), kernel = (4, 6):
|     800     |     100     |   76.50  |
|     800     |     100     |   75.84  |
|     800     |     100     |   76.00  |
|     800     |     100     |   75.80  |
|     800     |     100     |   75.73  |
|     800     |     100     |   75.84  |
|     800     |     200     |   77.45  |
|     800     |     200     |   77.55  |
|     800     |     300     |   76.23  |
|     800     |     300     |   76.80  |
|     800     |     300     |   76.02  |
|     800     |     200     |   74.86  |
|     800     |     200     |   75.84  |
|     800     |     200     |   75.95  |
|     800     |     200     |   76.41  |

Sphere 8x8
|     800     |     100     |   83.91  |
|     800     |     100     |   82.68  |
|     800     |     100     |   82.70  |

16x16
|     800     |     100     |   87.14  |
|     800     |     100     |   86.70  |
|     800     |     100     |   86.52  |
|     800     |     100     |   86.95  |

32x32
|     800     |     100     |   87.66  |
|     800     |     100     |   88.80  |
|     800     |     100     |   88.86  |
|     800     |     100     |   89.18  |
|     800     |     100     |   88.39  |

64x64
|     800     |     100     |   87.84  |
|     800     |      30     |   87.89  |
|     800     |      30     |   88.36  |
|     800     |      30     |   88.64  |
|     800     |      30     |   88.11  |
|     800     |      30     |   88.23  |

128x128
|     800     |      30     |   88.95  |
|     800     |      30     |   88.00  |
|     800     |     100     |   88.00  |
|     800     |     100     |   87.82  |
|     800     |      15     |   89.07  |
|     800     |      15     |   88.82  |
|     800     |      15     |   88.45  |
|     800     |      15     |   88.45  |
|     800     |      15     |   89.05  |
|     800     |      15     |   88.27  |
|     800     |      15     |   88.41  |

32x32 cos
|     800     |      40     |   87.73  |
|     800     |      40     |   88.09  |
|     800     |      40     |   87.41  |
|     800     |      40     |   88.27  |

32x32 sin
|     800     |      40     |   88.23  |
|     800     |      40     |   88.00  |
|     800     |      40     |   88.50  |
|     800     |      40     |   87.77  |
|     800     |      40     |   87.77  |

32x32 cos pow13
|     800     |      15     |   90.30  |
|     800     |     100     |   89.89  |
|     800     |      40     |   90.00  |
|     800     |      40     |   89.64  |
|     800     |      40     |   89.77  |
|     800     |      40     |   88.75  |
|     800     |      40     |   87.73  |
|     800     |      40     |   89.55  |
|     800     |      40     |   88.95  |
|     800     |      40     |   88.59  |

Normal (not sphere), 64x64:
|     800     |      40     |   70.09  |
|     800     |     100     |   70.34  |
|     800     |      40     |   68.77  |

same but total 62:
|     800     |      40     |   68.64  |
|     800     |      40     |   68.70  |
|     800     |      40     |   70.16  |
|     800     |     100     |   68.75  |
|     800     |      40     |   68.68  |

same but total 200:
|     800     |      40     |   68.59  |
|     800     |      40     |   70.45  |
|     800     |      40     |   70.20  |
|     800     |      40     |   70.34  |
|     800     |      40     |   69.11  |

8x4 total 80:
|     800     |      40     |   70.27  |
|     800     |     100     |   70.45  |
|     800     |     100     |   72.57  | # old
|     800     |     100     |   71.41  |
|     800     |     100     |   71.70  |
|     800     |     100     |   71.59  |


nvm sphere
|     800     |     100     |   88.64  |
|     800     |      30     |   88.98  |
|     800     |      30     |   89.09  |
|     800     |      30     |   88.70  |
pow13
|     800     |      30     |   88.84  |
|     800     |      30     |   88.77  |
|     800     |      30     |   88.86  |
|     800     |      30     |   88.80  |
|     800     |      30     |   88.82  |
|     800     |      30     |   88.91  |
|     800     |      30     |   88.98  |
|     800     |      30     |   88.86  |
|     800     |      30     |   88.86  |
|     800     |      30     |   89.52  |
|     800     |      30     |   89.14  |
|     800     |      30     |   87.91  |
|     800     |      15     |   88.70  |
|     800     |      15     |   89.00  |
|     800     |      15     |   89.18  |
|     800     |      15     |   89.45  |
|     800     |      15     |   88.82  |
|     800     |      15     |   88.91  |
|     800     |      15     |   88.95  |
|     800     |      15     |   88.48  |
|     800     |      15     |   89.25  |
|     800     |      15     |   88.80  |
|     800     |      15     |   88.82  |

|     800     |      15     |   71.48  |
|     800     |      15     |   69.36  |
|     400     |      50     |   45.84  |
|     800     |     150     |   45.00  |
|     800     |      50     |   25.09  |
|     800     |      50     |   71.00  |
|     800     |      50     |   71.57  |
|     800     |      50     |   71.09  |


No augm:
|     800     |     100     |   71.80  |
|     800     |     300     |   70.16  |
|     800     |     100     |   71.20  |
|     800     |     200     |   70.50  |
При разбиении 8х4 минимум примерно на 50-70 эпохе:

8x8
|     800     |     200     |   72.32  |
|     800     |     200     |   70.48  |
|     800     |     200     |   71.09  |
примерно на 40-50 эпохе

8x16
|     800     |     200     |   70.73  |
|     800     |     200     |   72.18  |
|     800     |     200     |   70.84  |
примерно на 40-60 эпохе

64x64
|     800     |     200     |   68.20  |
|     800     |     200     |   69.34  |
|     800     |     100     |   69.82  |
примерно на 20-30 эпохе

Augmentation:
|     800     |      50     |   73.90  |
|     800     |     100     |   73.52  |
|     800     |     300     |   75.59  |
|     800     |     400     |   78.32  |
|     800     |    1000     |   77.76  |
|     800     |    1000     |   79.64  |


|     800     |     100     |   88.67  |
|     800     |     100     |   91.52  |
|     800     |     200     |   92.10  |


|     800     |     200     |   75.32  |
|     800     |     100     |   74.55  |
|     800     |     100     |   74.55  |
|     800     |     100     |   75.74  |
|     800     |     100     |   74.89  |
|     800     |     100     |   73.97  |
